Mock ecg data 

[
        [
          4124978,
          6327300,
          4094084
        ],
        [
          4124629,
          6327633,
          4094019
        ],
        [
          4123639,
          6328260,
          4093894
        ],
        [
          4122592,
          6328771,
          4093776
        ],
        [
          4121963,
          6329180,
          4093704
        ],
        [
          4122229,
          6329029,
          4093730
        ],
        [
          4122719,
          6328711,
          4093800
        ],
        [
          4122044,
          6329325,
          4093724
        ],
        [
          4121406,
          6329935,
          4093646
        ],
        [
          4121218,
          6330441,
          4093602
        ],
        [
          4120750,
          6331227,
          4093517
        ],
        [
          4120417,
          6331678,
          4093462
        ],
        [
          4121021,
          6331265,
          4093541
        ],
        [
          4122770,
          6329876,
          4093761
        ],
        [
          4124574,
          6328182,
          4093996
        ],
        [
          4125445,
          6327240,
          4094101
        ],
        [
          4125537,
          6327248,
          4094099
        ],
        [
          4125061,
          6327992,
          4094029
        ],
        [
          4124515,
          6328936,
          4093946
        ],
        [
          4124154,
          6329380,
          4093885
        ],
        [
          4124503,
          6328793,
          4093945
        ],
        [
          4125650,
          6327460,
          4094095
        ],
        [
          4126852,
          6326261,
          4094229
        ],
        [
          4126992,
          6326091,
          4094250
        ],
        [
          4125620,
          6327284,
          4094077
        ],
        [
          4124316,
          6328353,
          4093911
        ],
        [
          4123394,
          6329049,
          4093788
        ],
        [
          4122878,
          6329296,
          4093711
        ],
        [
          4123195,
          6328803,
          4093775
        ],
        [
          4124817,
          6327425,
          4093989
        ],
        [
          4126913,
          6325450,
          4094252
        ],
        [
          4127891,
          6324343,
          4094385
        ],
        [
          4127980,
          6324313,
          4094390
        ],
        [
          4127501,
          6324924,
          4094323
        ],
        [
          4126557,
          6325912,
          4094202
        ],
        [
          4125719,
          6326421,
          4094100
        ],
        [
          4125365,
          6326358,
          4094055
        ],
        [
          4125515,
          6326125,
          4094086
        ],
        [
          4125922,
          6325760,
          4094151
        ],
        [
          4125919,
          6325648,
          4094173
        ],
        [
          4124530,
          6326738,
          4094003
        ],
        [
          4123317,
          6328075,
          4093828
        ],
        [
          4122894,
          6328836,
          4093762
        ],
        [
          4122593,
          6329315,
          4093704
        ],
        [
          4122684,
          6329234,
          4093707
        ],
        [
          4123552,
          6328597,
          4093823
        ],
        [
          4125657,
          6327038,
          4094080
        ],
        [
          4127257,
          6325653,
          4094257
        ],
        [
          4127427,
          6325439,
          4094273
        ],
        [
          4126640,
          6326232,
          4094161
        ],
        [
          4125376,
          6327573,
          4093987
        ],
        [
          4124169,
          6328537,
          4093836
        ],
        [
          4123967,
          6328408,
          4093840
        ],
        [
          4125248,
          6327281,
          4094007
        ],
        [
          4128002,
          6325648,
          4094325
        ],
        [
          4130244,
          6324726,
          4094532
        ],
        [
          4130490,
          6325282,
          4094513
        ],
        [
          4129437,
          6326576,
          4094364
        ],
        [
          4128495,
          6327328,
          4094224
        ],
        [
          4127772,
          6327824,
          4094147
        ],
        [
          4127988,
          6327380,
          4094199
        ],
        [
          4129130,
          6326219,
          4094348
        ],
        [
          4130936,
          6324674,
          4094542
        ],
        [
          4132680,
          6323324,
          4094721
        ],
        [
          4133144,
          6323100,
          4094754
        ],
        [
          4132089,
          6323828,
          4094631
        ],
        [
          4130702,
          6324603,
          4094480
        ],
        [
          4130054,
          6324565,
          4094425
        ],
        [
          4129920,
          6324133,
          4094413
        ],
        [
          4130255,
          6323502,
          4094481
        ],
        [
          4131395,
          6322429,
          4094643
        ],
        [
          4132514,
          6321642,
          4094767
        ],
        [
          4132348,
          6321923,
          4094715
        ],
        [
          4130189,
          6323636,
          4094435
        ],
        [
          4127778,
          6325303,
          4094157
        ],
        [
          4126379,
          6326109,
          4094021
        ],
        [
          4126228,
          6326074,
          4094008
        ],
        [
          4126964,
          6325510,
          4094106
        ],
        [
          4128265,
          6324594,
          4094281
        ],
        [
          4129968,
          6323315,
          4094500
        ],
        [
          4130873,
          6322423,
          4094613
        ],
        [
          4130309,
          6322667,
          4094556
        ],
        [
          4128837,
          6323675,
          4094376
        ],
        [
          4127231,
          6324693,
          4094180
        ],
        [
          4126685,
          6324869,
          4094126
        ],
        [
          4127161,
          6324335,
          4094206
        ],
        [
          4128005,
          6323491,
          4094339
        ],
        [
          4128816,
          6322731,
          4094451
        ],
        [
          4128942,
          6322504,
          4094479
        ],
        [
          4127066,
          6324120,
          4094248
        ],
        [
          4124096,
          6326853,
          4093847
        ],
        [
          4122636,
          6328207,
          4093661
        ],
        [
          4122611,
          6328435,
          4093675
        ],
        [
          4123542,
          6328001,
          4093780
        ],
        [
          4124787,
          6327284,
          4093932
        ],
        [
          4126254,
          6326306,
          4094121
        ],
        [
          4127472,
          6325343,
          4094276
        ],
        [
          4127650,
          6325204,
          4094324
        ],
        [
          4126657,
          6325913,
          4094203
        ],
        [
          4125368,
          6326740,
          4094036
        ],
        [
          4124830,
          6326728,
          4093989
        ],
        [
          4125388,
          6325818,
          4094072
        ],
        [
          4126660,
          6324549,
          4094233
        ],
        [
          4127800,
          6323669,
          4094386
        ],
        [
          4128129,
          6323642,
          4094429
        ],
        [
          4126925,
          6324805,
          4094260
        ],
        [
          4124042,
          6327278,
          4093888
        ],
        [
          4122099,
          6328956,
          4093645
        ],
        [
          4121888,
          6329038,
          4093630
        ],
        [
          4122829,
          6328111,
          4093758
        ],
        [
          4124019,
          6326674,
          4093917
        ],
        [
          4125009,
          6325679,
          4094062
        ],
        [
          4125908,
          6325067,
          4094209
        ],
        [
          4125901,
          6324979,
          4094231
        ],
        [
          4125092,
          6325449,
          4094131
        ],
        [
          4124049,
          6326149,
          4094004
        ],
        [
          4123762,
          6326377,
          4093961
        ],
        [
          4124566,
          6325897,
          4094065
        ],
        [
          4125751,
          6325217,
          4094185
        ],
        [
          4126567,
          6324842,
          4094258
        ],
        [
          4126889,
          6324823,
          4094282
        ],
        [
          4126369,
          6325271,
          4094219
        ],
        [
          4124178,
          6327204,
          4093952
        ],
        [
          4121522,
          6329697,
          4093597
        ],
        [
          4120977,
          6330303,
          4093518
        ],
        [
          4121714,
          6329844,
          4093612
        ],
        [
          4123066,
          6328894,
          4093801
        ],
        [
          4124231,
          6328093,
          4093960
        ],
        [
          4125095,
          6327539,
          4094080
        ],
        [
          4125446,
          6327233,
          4094133
        ],
        [
          -99999,
          329,
          0
        ],
        [
          4124568,
          6327667,
          4094022
        ],
        [
          4123166,
          6328404,
          4093842
        ],
        [
          4122459,
          6328645,
          4093773
        ],
        [
          4123140,
          6327958,
          4093861
        ],
        [
          4124825,
          6326715,
          4094055
        ],
        [
          4126513,
          6325637,
          4094243
        ],
        [
          4127183,
          6325509,
          4094281
        ],
        [
          4126643,
          6326207,
          4094191
        ],
        [
          4124881,
          6327929,
          4093965
        ],
        [
          4121930,
          6330609,
          4093582
        ],
        [
          4120736,
          6331571,
          4093424
        ],
        [
          4121614,
          6330699,
          4093564
        ],
        [
          4123113,
          6329370,
          4093758
        ],
        [
          4124504,
          6328166,
          4093937
        ],
        [
          4125479,
          6327398,
          4094077
        ],
        [
          4125928,
          6327103,
          4094131
        ],
        [
          4125478,
          6327523,
          4094057
        ],
        [
          4124399,
          6328328,
          4093918
        ],
        [
          4123819,
          6328551,
          4093865
        ],
        [
          4124296,
          6327861,
          4093931
        ],
        [
          4125646,
          6326662,
          4094103
        ],
        [
          4126851,
          6325769,
          4094271
        ],
        [
          4127232,
          6325606,
          4094287
        ],
        [
          4126555,
          6326331,
          4094163
        ],
        [
          4124860,
          6327732,
          4093960
        ],
        [
          4122318,
          6329867,
          4093636
        ],
        [
          4120520,
          6331393,
          4093418
        ],
        [
          4121198,
          6330988,
          4093519
        ],
        [
          4123092,
          6329650,
          4093753
        ],
        [
          4124812,
          6328375,
          4093984
        ],
        [
          4125491,
          6327799,
          4094078
        ],
        [
          4125712,
          6327449,
          4094104
        ],
        [
          4125608,
          6327327,
          4094087
        ],
        [
          4124427,
          6328213,
          4093919
        ],
        [
          4123763,
          6328828,
          4093808
        ],
        [
          4124274,
          6328433,
          4093881
        ],
        [
          4125670,
          6327263,
          4094070
        ],
        [
          4127027,
          6326173,
          4094232
        ],
        [
          4127676,
          6325652,
          4094308
        ],
        [
          4127313,
          6325887,
          4094276
        ],
        [
          4125721,
          6327129,
          4094102
        ],
        [
          4123423,
          6329041,
          4093797
        ],
        [
          4121376,
          6330973,
          4093512
        ],
        [
          4121803,
          6330774,
          4093575
        ],
        [
          4123474,
          6329296,
          4093784
        ],
        [
          4124936,
          6328122,
          4093964
        ],
        [
          4125870,
          6327438,
          4094074
        ],
        [
          4125822,
          6327421,
          4094085
        ],
        [
          4125692,
          6327455,
          4094078
        ],
        [
          4125495,
          6327483,
          4094052
        ],
        [
          4125275,
          6327461,
          4094030
        ],
        [
          4125520,
          6327034,
          4094076
        ],
        [
          4126528,
          6326015,
          4094200
        ],
        [
          4127684,
          6325008,
          4094339
        ],
        [
          4128339,
          6324515,
          4094391
        ],
        [
          4127540,
          6325177,
          4094272
        ],
        [
          4125995,
          6326466,
          4094087
        ],
        [
          4124466,
          6327865,
          4093888
        ],
        [
          4122615,
          6329641,
          4093644
        ],
        [
          4122223,
          6330181,
          4093594
        ],
        [
          4124133,
          6328750,
          4093850
        ],
        [
          4126095,
          6327355,
          4094103
        ],
        [
          4126957,
          6326837,
          4094199
        ],
        [
          4126686,
          6327184,
          4094157
        ],
        [
          4125904,
          6327892,
          4094061
        ],
        [
          4125043,
          6328396,
          4093962
        ],
        [
          4124746,
          6328504,
          4093917
        ],
        [
          4125709,
          6327568,
          4094041
        ],
        [
          4127245,
          6326146,
          4094220
        ],
        [
          4128672,
          6324971,
          4094362
        ]
      ]


Mock ICG data

[
        [
          5407359,
          5629832,
          -1566996,
          -161610,
          1
        ],
        [
          5407377,
          5630060,
          -1567754,
          -161683,
          1
        ],
        [
          5407336,
          5629528,
          -1565985,
          -161512,
          1
        ],
        [
          5407383,
          5630136,
          -1568007,
          -161708,
          1
        ],
        [
          5407362,
          5629870,
          -1567122,
          -161622,
          1
        ],
        [
          5407359,
          5629832,
          -1566996,
          -161610,
          1
        ],
        [
          5407365,
          5629908,
          -1567249,
          -161634,
          1
        ],
        [
          5407359,
          5629832,
          -1566996,
          -161610,
          1
        ],
        [
          5407374,
          5630022,
          -1567628,
          -161671,
          1
        ],
        [
          5407353,
          5629756,
          -1566743,
          -161585,
          1
        ],
        [
          5407391,
          5630250,
          -1568386,
          -161745,
          1
        ],
        [
          5407356,
          5629794,
          -1566870,
          -161598,
          1
        ],
        [
          5407374,
          5630022,
          -1567628,
          -161671,
          1
        ],
        [
          5407359,
          5629832,
          -1566996,
          -161610,
          1
        ],
        [
          5407362,
          5629870,
          -1567122,
          -161622,
          1
        ],
        [
          5407368,
          5629946,
          -1567375,
          -161647,
          1
        ],
        [
          5407371,
          5629984,
          -1567501,
          -161659,
          1
        ],
        [
          5407377,
          5630060,
          -1567754,
          -161683,
          1
        ],
        [
          5407353,
          5629756,
          -1566743,
          -161585,
          1
        ],
        [
          5407380,
          5630098,
          -1567881,
          -161696,
          1
        ],
        [
          5407345,
          5629642,
          -1566364,
          -161549,
          1
        ],
        [
          5407374,
          5630022,
          -1567628,
          -161671,
          1
        ],
        [
          5407359,
          5629832,
          -1566996,
          -161610,
          1
        ],
        [
          5407380,
          5630098,
          -1567881,
          -161696,
          1
        ],
        [
          5407377,
          5630060,
          -1567754,
          -161683,
          1
        ],
        [
          5407368,
          5629946,
          -1567375,
          -161647,
          1
        ],
        [
          5407374,
          5630022,
          -1567628,
          -161671,
          1
        ],
        [
          5407365,
          5629908,
          -1567249,
          -161634,
          1
        ],
        [
          5407365,
          5629908,
          -1567249,
          -161634,
          1
        ],
        [
          5407359,
          5629832,
          -1566996,
          -161610,
          1
        ],
        [
          5407377,
          5630060,
          -1567754,
          -161683,
          1
        ],
        [
          5407383,
          5630136,
          -1568007,
          -161708,
          1
        ],
        [
          5407362,
          5629870,
          -1567122,
          -161622,
          1
        ],
        [
          5407380,
          5630098,
          -1567881,
          -161696,
          1
        ],
        [
          5407374,
          5630022,
          -1567628,
          -161671,
          1
        ],
        [
          5407359,
          5629832,
          -1566996,
          -161610,
          1
        ],
        [
          5407362,
          5629870,
          -1567122,
          -161622,
          1
        ],
        [
          5407350,
          5629718,
          -1566617,
          -161573,
          1
        ],
        [
          5407359,
          5629832,
          -1566996,
          -161610,
          1
        ],
        [
          5407350,
          5629718,
          -1566617,
          -161573,
          1
        ],
        [
          5407374,
          5630022,
          -1567628,
          -161671,
          1
        ],
        [
          5407350,
          5629718,
          -1566617,
          -161573,
          1
        ],
        [
          5407365,
          5629908,
          -1567249,
          -161634,
          1
        ],
        [
          5407371,
          5629984,
          -1567501,
          -161659,
          1
        ],
        [
          5407353,
          5629756,
          -1566743,
          -161585,
          1
        ],
        [
          5407374,
          5630022,
          -1567628,
          -161671,
          1
        ],
        [
          5407350,
          5629718,
          -1566617,
          -161573,
          1
        ],
        [
          5407386,
          5630174,
          -1568133,
          -161720,
          1
        ],
        [
          5407342,
          5629604,
          -1566238,
          -161536,
          1
        ],
        [
          5407388,
          5630212,
          -1568260,
          -161733,
          1
        ],
        [
          5407362,
          5629870,
          -1567122,
          -161622,
          1
        ],
        [
          5407377,
          5630060,
          -1567754,
          -161683,
          1
        ],
        [
          5407371,
          5629984,
          -1567501,
          -161659,
          1
        ],
        [
          5407368,
          5629946,
          -1567375,
          -161647,
          1
        ],
        [
          5407374,
          5630022,
          -1567628,
          -161671,
          1
        ],
        [
          5407353,
          5629756,
          -1566743,
          -161585,
          1
        ],
        [
          5407391,
          5630250,
          -1568386,
          -161745,
          1
        ],
        [
          5407342,
          5629604,
          -1566238,
          -161536,
          1
        ],
        [
          5407380,
          5630098,
          -1567881,
          -161696,
          1
        ],
        [
          5407359,
          5629832,
          -1566996,
          -161610,
          1
        ],
        [
          5407362,
          5629870,
          -1567122,
          -161622,
          1
        ],
        [
          5407365,
          5629908,
          -1567249,
          -161634,
          1
        ],
        [
          5407359,
          5629832,
          -1566996,
          -161610,
          1
        ],
        [
          5407380,
          5630098,
          -1567881,
          -161696,
          1
        ],
        [
          5407353,
          5629756,
          -1566743,
          -161585,
          1
        ],
        [
          5407377,
          5630060,
          -1567754,
          -161683,
          1
        ],
        [
          5407353,
          5629756,
          -1566743,
          -161585,
          1
        ],
        [
          5407359,
          5629832,
          -1566996,
          -161610,
          1
        ],
        [
          5407374,
          5630022,
          -1567628,
          -161671,
          1
        ],
        [
          5407356,
          5629794,
          -1566870,
          -161598,
          1
        ],
        [
          5407374,
          5630022,
          -1567628,
          -161671,
          1
        ],
        [
          5407336,
          5629528,
          -1565985,
          -161512,
          1
        ],
        [
          5407365,
          5629908,
          -1567249,
          -161634,
          1
        ],
        [
          5407356,
          5629794,
          -1566870,
          -161598,
          1
        ],
        [
          5407362,
          5629870,
          -1567122,
          -161622,
          1
        ],
        [
          5407377,
          5630060,
          -1567754,
          -161683,
          1
        ],
        [
          5407365,
          5629908,
          -1567249,
          -161634,
          1
        ],
        [
          5407388,
          5630212,
          -1568260,
          -161733,
          1
        ],
        [
          5407353,
          5629756,
          -1566743,
          -161585,
          1
        ],
        [
          5407362,
          5629870,
          -1567122,
          -161622,
          1
        ],
        [
          5407362,
          5629870,
          -1567122,
          -161622,
          1
        ],
        [
          5407359,
          5629832,
          -1566996,
          -161610,
          1
        ],
        [
          5407350,
          5629718,
          -1566617,
          -161573,
          1
        ],
        [
          5407353,
          5629756,
          -1566743,
          -161585,
          1
        ],
        [
          5407374,
          5630022,
          -1567628,
          -161671,
          1
        ],
        [
          5407353,
          5629756,
          -1566743,
          -161585,
          1
        ],
        [
          5407368,
          5629946,
          -1567375,
          -161647,
          1
        ],
        [
          5407353,
          5629756,
          -1566743,
          -161585,
          1
        ],
        [
          5407336,
          5629528,
          -1565985,
          -161512,
          1
        ],
        [
          5407377,
          5630060,
          -1567754,
          -161683,
          1
        ],
        [
          5407347,
          5629680,
          -1566490,
          -161561,
          1
        ],
        [
          5407365,
          5629908,
          -1567249,
          -161634,
          1
        ],
        [
          5407347,
          5629680,
          -1566490,
          -161561,
          1
        ],
        [
          5407380,
          5630098,
          -1567881,
          -161696,
          1
        ],
        [
          5407359,
          5629832,
          -1566996,
          -161610,
          1
        ],
        [
          5407342,
          5629604,
          -1566238,
          -161536,
          1
        ],
        [
          5407374,
          5630022,
          -1567628,
          -161671,
          1
        ],
        [
          5407342,
          5629604,
          -1566238,
          -161536,
          1
        ],
        [
          5407380,
          5630098,
          -1567881,
          -161696,
          1
        ],
        [
          5407345,
          5629642,
          -1566364,
          -161549,
          1
        ],
        [
          5407383,
          5630136,
          -1568007,
          -161708,
          1
        ],
        [
          5407374,
          5630022,
          -1567628,
          -161671,
          1
        ],
        [
          5407359,
          5629832,
          -1566996,
          -161610,
          1
        ],
        [
          5407377,
          5630060,
          -1567754,
          -161683,
          1
        ],
        [
          5407350,
          5629718,
          -1566617,
          -161573,
          1
        ],
        [
          5407374,
          5630022,
          -1567628,
          -161671,
          1
        ],
        [
          5407336,
          5629528,
          -1565985,
          -161512,
          1
        ],
        [
          5407374,
          5630022,
          -1567628,
          -161671,
          1
        ],
        [
          5407374,
          5630022,
          -1567628,
          -161671,
          1
        ],
        [
          5407374,
          5630022,
          -1567628,
          -161671,
          1
        ],
        [
          5407347,
          5629680,
          -1566490,
          -161561,
          1
        ],
        [
          5407356,
          5629794,
          -1566870,
          -161598,
          1
        ],
        [
          5407377,
          5630060,
          -1567754,
          -161683,
          1
        ],
        [
          5407350,
          5629718,
          -1566617,
          -161573,
          1
        ],
        [
          5407371,
          5629984,
          -1567501,
          -161659,
          1
        ],
        [
          5407356,
          5629794,
          -1566870,
          -161598,
          1
        ],
        [
          5407359,
          5629832,
          -1566996,
          -161610,
          1
        ],
        [
          5407374,
          5630022,
          -1567628,
          -161671,
          1
        ],
        [
          5407365,
          5629908,
          -1567249,
          -161634,
          1
        ],
        [
          5407371,
          5629984,
          -1567501,
          -161659,
          1
        ],
        [
          5407342,
          5629604,
          -1566238,
          -161536,
          1
        ],
        [
          5407374,
          5630022,
          -1567628,
          -161671,
          1
        ],
        [
          5407336,
          5629528,
          -1565985,
          -161512,
          1
        ],
        [
          5407377,
          5630060,
          -1567754,
          -161683,
          1
        ],
        [
          5407359,
          5629832,
          -1566996,
          -161610,
          1
        ],
        [
          5407377,
          5630060,
          -1567754,
          -161683,
          1
        ],
        [
          5407359,
          5629832,
          -1566996,
          -161610,
          1
        ],
        [
          5407371,
          5629984,
          -1567501,
          -161659,
          1
        ],
        [
          5407374,
          5630022,
          -1567628,
          -161671,
          1
        ],
        [
          5407342,
          5629604,
          -1566238,
          -161536,
          1
        ],
        [
          5407380,
          5630098,
          -1567881,
          -161696,
          1
        ],
        [
          5407353,
          5629756,
          -1566743,
          -161585,
          1
        ],
        [
          5407374,
          5630022,
          -1567628,
          -161671,
          1
        ],
        [
          5407359,
          5629832,
          -1566996,
          -161610,
          1
        ],
        [
          5407356,
          5629794,
          -1566870,
          -161598,
          1
        ],
        [
          5407362,
          5629870,
          -1567122,
          -161622,
          1
        ],
        [
          5407342,
          5629604,
          -1566238,
          -161536,
          1
        ],
        [
          5407365,
          5629908,
          -1567249,
          -161634,
          1
        ],
        [
          5407356,
          5629794,
          -1566870,
          -161598,
          1
        ],
        [
          5407368,
          5629946,
          -1567375,
          -161647,
          1
        ],
        [
          5407368,
          5629946,
          -1567375,
          -161647,
          1
        ],
        [
          5407356,
          5629794,
          -1566870,
          -161598,
          1
        ],
        [
          5407374,
          5630022,
          -1567628,
          -161671,
          1
        ],
        [
          5407359,
          5629832,
          -1566996,
          -161610,
          1
        ],
        [
          5407374,
          5630022,
          -1567628,
          -161671,
          1
        ],
        [
          5407359,
          5629832,
          -1566996,
          -161610,
          1
        ],
        [
          5407374,
          5630022,
          -1567628,
          -161671,
          1
        ],
        [
          5407362,
          5629870,
          -1567122,
          -161622,
          1
        ],
        [
          5407362,
          5629870,
          -1567122,
          -161622,
          1
        ],
        [
          5407374,
          5630022,
          -1567628,
          -161671,
          1
        ],
        [
          5407359,
          5629832,
          -1566996,
          -161610,
          1
        ],
        [
          5407380,
          5630098,
          -1567881,
          -161696,
          1
        ],
        [
          5407347,
          5629680,
          -1566490,
          -161561,
          1
        ],
        [
          5407371,
          5629984,
          -1567501,
          -161659,
          1
        ],
        [
          5407362,
          5629870,
          -1567122,
          -161622,
          1
        ],
        [
          5407386,
          5630174,
          -1568133,
          -161720,
          1
        ],
        [
          5407365,
          5629908,
          -1567249,
          -161634,
          1
        ],
        [
          -999990000,
          3290000,
          0,
          0,
          0
        ],
        [
          5407377,
          5630060,
          -1567754,
          -161683,
          1
        ],
        [
          5407353,
          5629756,
          -1566743,
          -161585,
          1
        ],
        [
          5407356,
          5629794,
          -1566870,
          -161598,
          1
        ],
        [
          5407356,
          5629794,
          -1566870,
          -161598,
          1
        ],
        [
          5407359,
          5629832,
          -1566996,
          -161610,
          1
        ],
        [
          5407394,
          5630288,
          -1568513,
          -161757,
          1
        ],
        [
          5407333,
          5629490,
          -1565858,
          -161499,
          1
        ],
        [
          5407383,
          5630136,
          -1568007,
          -161708,
          1
        ],
        [
          5407345,
          5629642,
          -1566364,
          -161549,
          1
        ],
        [
          5407391,
          5630250,
          -1568386,
          -161745,
          1
        ],
        [
          5407371,
          5629984,
          -1567501,
          -161659,
          1
        ],
        [
          5407350,
          5629718,
          -1566617,
          -161573,
          1
        ],
        [
          5407374,
          5630022,
          -1567628,
          -161671,
          1
        ],
        [
          5407347,
          5629680,
          -1566490,
          -161561,
          1
        ],
        [
          5407377,
          5630060,
          -1567754,
          -161683,
          1
        ],
        [
          5407350,
          5629718,
          -1566617,
          -161573,
          1
        ],
        [
          5407386,
          5630174,
          -1568133,
          -161720,
          1
        ],
        [
          5407353,
          5629756,
          -1566743,
          -161585,
          1
        ],
        [
          5407377,
          5630060,
          -1567754,
          -161683,
          1
        ],
        [
          5407359,
          5629832,
          -1566996,
          -161610,
          1
        ],
        [
          5407356,
          5629794,
          -1566870,
          -161598,
          1
        ],
        [
          5407365,
          5629908,
          -1567249,
          -161634,
          1
        ],
        [
          5407365,
          5629908,
          -1567249,
          -161634,
          1
        ],
        [
          5407374,
          5630022,
          -1567628,
          -161671,
          1
        ],
        [
          5407353,
          5629756,
          -1566743,
          -161585,
          1
        ],
        [
          5407356,
          5629794,
          -1566870,
          -161598,
          1
        ],
        [
          5407362,
          5629870,
          -1567122,
          -161622,
          1
        ],
        [
          5407336,
          5629528,
          -1565985,
          -161512,
          1
        ],
        [
          5407377,
          5630060,
          -1567754,
          -161683,
          1
        ],
        [
          5407330,
          5629452,
          -1565732,
          -161487,
          1
        ],
        [
          5407371,
          5629984,
          -1567501,
          -161659,
          1
        ],
        [
          5407353,
          5629756,
          -1566743,
          -161585,
          1
        ],
        [
          5407356,
          5629794,
          -1566870,
          -161598,
          1
        ],
        [
          5407356,
          5629794,
          -1566870,
          -161598,
          1
        ],
        [
          5407336,
          5629528,
          -1565985,
          -161512,
          1
        ],
        [
          5407374,
          5630022,
          -1567628,
          -161671,
          1
        ],
        [
          5407353,
          5629756,
          -1566743,
          -161585,
          1
        ],
        [
          5407365,
          5629908,
          -1567249,
          -161634,
          1
        ],
        [
          5407356,
          5629794,
          -1566870,
          -161598,
          1
        ],
        [
          5407365,
          5629908,
          -1567249,
          -161634,
          1
        ],
        [
          5407371,
          5629984,
          -1567501,
          -161659,
          1
        ],
        [
          5407359,
          5629832,
          -1566996,
          -161610,
          1
        ]
      ]

